-68 -60 -54 -30 78 -39 53 -60 
46 -2 -12 -52 -7 -27 43 43 
52 -25 40 -29 -46 -28 17 56 
-53 -71 44 -27 -19 11 0 49 
50 -55 56 53 41 36 44 -25 
9 -39 4 11 -22 -61 49 42 
-10 55 -62 -14 -41 25 43 18 
-72 60 -60 19 -15 -22 -32 -14 
 
8 9 8 4 
8 8 4 4 
9 8 7 8 
4 3 -2 -6 
 
-10 2 -9 -6 2 9 3 -5 8 4 5 7 8 8 6 -9 6 -7 7 -10 -1 -5 1 5 8 4 2 -5 -9 -5 -6 -7 4 -3 5 8 4 -5 -9 2 -4 8 7 -5 3 2 -3 -1 -8 4 -3 -6 8 -6 -8 -5 -6 -8 4 4 0 -1 5 -1 -1 1 7 -8 -8 8 3 0 -6 8 3 7 -4 -6 -1 -4 -6 9 -9 6 -1 1 3 3 -1 8 4 -5 -10 -6 -5 3 -2 -5 -4 -6 
